-1391209
-93192913
37554373
37420850
19797277
-62921113
-38763048
57203970
-68415820
-76446880
-5141115
14464502
-48861589
20668826
63597640
22976648
43613269
-92027594
-81564870
-49581854
55008574
-11719780
-15562140
-3603082
-58210844
-66924336
-89390150
72098882
64527289
7933252
58748640
-60386176
58006422
97530974
2587002
-78326264
-66094242
5679716
-56840456
-98818182
-65121359
85804739
6294159
69468286
-56951796
-77548371
-55057806
49375933
58902042
-63383936
-66328344
-56370984
54930109
73542560
33985666
11855902
-16735197
-98642750
45532467
17155355
28569241
-85876796
-97780954
-91697411
-15468748
-42394639
-80512952
17991335
-9529908
60404691
-37124056
-86758553
36218370
-52893755
86966123
-7536688
52607379
34670054
-36623913
-52261931
-80555851
-79635474
71109910
-1571756
79476246
-26037703
4952292
51676480
-85776139
-38712910
13504028
10624904
-44217781
-81890247
-94308876
-85014870
-35169227
37861920
-10849509
-95667967
15277601
97618829
47844943
-51947839
-31140453
-96197440
21820811
17538101
97212388
-1529894
69723037
68559569
43839460
-50361130
-92241040
48608784
-90372753
16732410
27274859
-98898407
7537719
-75337390
-81068342
16223161
-55369606
13504212
57285542
-76443892
95036604
3640196
2024772
-40166073
-47469771
-74288931
68629822
-8215923
40500871
-94333130
48058669
27712526
-29147650
-18933170
-280656
76897762
-20738487
-49587050
7622153
-78074218
-49256436
-25627314
50275075
-96181160
52016512
99946666
-72581001
5641990
-51146959
12389782
-18485901
-9026547
-18200138
-30495827
43465014
-50985326
54094695
94294355
33044888
44939190
20121968
61420640
94042031
-61328712
-57732274
-53713059
-90735719
-63103981
60467069
-18962322
22780984
-14824022
14138894
64144620
76895575
-54692846
-3125089
36078222
-6850052
96806504
-47913515
-20799351
-23310628
47279039
-92116346
-57790649
76143485
79305922
-64747671
-21137560
-7607689
95351672
77062411
-90588569
27663017
-97094998
-91055477
78006975
38542952
-44876407
94141689
-79890456
-39660314
-80603891
16068970
-67099640
19107817
-4945619
24478063
-68076161
54169666
-74785662
-97192347
35188773
81456732
62125602
-96933264
-85229527
-78330816
76117397
33019072
-87276410
-41626430
-69394678
91881111
-39513866
-26294383
60679798
-62515676
-25426218
-8996375
18743357
-9510759
32503896
3133516
73014340
-97600650
-4817340
9879781
76530706
-87758553
62160772
-2184897
-15526964
91805357
90929637
-60663750
-83382690
543169
46379771
95550838
59867765
815528
33987454
-8583306
-1040743
-55852545
-13573437
-25313988
-3066929
-25049231
50275810
-57125559
-59531168
71870399
55232155
-7170611
-6785511
-88779317
88698836
73129304
-41581549
-12345983
-53054779
59214718
-2265825
-5541012
99933324
-80900985
-78255892
6191519
13373836
-63295180
-18725103
-79422068
-94708475
22321146
-40510841
-74999841
36589498
-33816350
-84699907
47434638
5144614
-8346838
77558495
64923
59847090
27075870
-85022025
-77932283
-27477927
91321522
64135772
47731133
-78054935
283588
99062426
46947301
40318380
75447648
-67031953
42639363
-31155553
-52447672
39514064
-72321778
7137993
3491920
-39411760
-54462062
47657011
13870041
24291679
12932757
16518764
-17676842
62257666
-60128215
38072152
-25511417
-23780954
4292853
77757606
46266354
-74740902
-37408013
84572099
74905973
87162454
-47331599
66952499
20630484
59484236
82019083
-93755032
-26060792
9124255
-3517330
-8351192
-42481942
-86822837
93791501
-26229830
92919755
63895168
5790835
32340939
93612549
-63858171
-25372253
-43153362
-36782654
62452729
-56990828
-3896907
-49613611
-42234519
16283592
-65578597
-7845079
-82385183
59305053
-12347530
76908515
53451691
-12446626
61452046
-30118981
-85202436
-64703581
-58494969
99917222
-37892600
-52225424
-64233824
13242654
60217853
-77853008
38434092
-57181140
-14554988
-63443002
42363242
-49938857
-1297657
60672073
90526044
39768281
91808537
-88964289
88695307
72446632
-2351199
-57955760
-70225354
21081865
-86259949
-66980580
8717665
-75657140
-58139626
-23413485
476630
48139264
14543666
82637820
-95852105
-82088145
-97519817
-22487460
-77669538
-32364925
-62485577
46439115
-10290544
20294507
85866486
62874655
49595971
-99154682
-37356783
65667995
9259013
-53293083
52437152
-6666924
97550379
36685317
57062522
84168577
23056744
-55124013
47561011
97573379
-54052784
53483532
-91729062
83402010
46765635
90643455
99051687
-58243868
20454414
-55263198
-11234571
-55573516
52694794
10558162
-14735980
-48196983
96146414
-87160391
-70937554
-55375313
25081810
67418922
-98162951
9256751
47791480
90343652
50812675
24939292
62194093
-17837192
58904157
-17734879
-81283704
59077325
28852442
69608508
-78020951
-56628755
45812528
-98462054
-81601022
-71265878
-9904680
17065568
92524654
-90647910
-50552650
-9103596
-37747557
-53385847
41467169
-62489694
-84527108
58033966
16996474
21273953
-91860912
-76509653
-94002856
12308929
-64520646
-24225158
-18618131
-13775904
8932796
35301710
9367387
81822359
6566287
-51632954
-81900711
89721803
79450637
56339157
18038677
-4271238
58631097
-53562918
-35724283
-49244393
95880042
-57340607
-68758458
67820487
-39253828
-78728882
-46487129
-30392717
-88816319
-38746438
78294811
-27017462
12653897
-15550214
27926795
-1141984
22376378
-62692241
-58863748
-41117543
-5590779
-37559250
25689799
-26988608
91527858
-85565467
-15698824
85804958
-80680414
26151852
-72818599
13929746
-41745443
61895092
-84267663
-2964995
-81171986
54422817
-98095006
-78596949
70038608
-71075664
-84770368
-20115330
-93169822
52277708
-39563855
42880935
89132931
63831324
-14451000
-82420756
-73100423
-17523017
15934958
78223125
74946724
-49203351
-57191956
-92834857
-54953291
-36057429
-71271270
-24672620
-73944730
-754690
-80609698
-40577865
-8790929
96130896
-61125312
9515264
90895770
8338641
-55258707
-18856694
-66950048
-18747866
-36847009
-51929509
78018567
-25126159
-43218026
23139064
24401602
11194408
74102067
50743521
-21765830
70956160
-97871601
-48424508
75411989
-64340357
-60276290
5138410
86448560
-2188194
28758760
-72833322
65306033
10995042
74697804
-92359151
96598644
-41775621
18380052
65204439
-96074097
80480130
79895134
-5871437
-32358479
69745083
-3740793
17863859
-98090182
69396196
-58639121
54537661
-64848671
22629968
-4762371
-16976996
-23898083
109813
93004956
8089099
36893548
-5212718
65806184
-9605741
36216673
-68609664
-16835547
-20349425
50506738
72398346
9115160
23059490
-41552239
-67005855
23036915
-438218
96227797
62097260
-93148581
85064564
91502566
55472417
-93815442
-55773288
35673548
-89708475
42279013
22613711
33990501
81785113
-4591160
-969765
-22482568
-10059189
51146965
68444421
-52137775
39028745
-84391868
-54995321
49048754
13841674
-27002389
-46412498
93585151
76549192
-17574590
-71604638
-35595586
5104195
15267835
74277730
55270657
-47121687
27799637
-8263263
-20551039
-45781788
37410305
-6177416
-15500775
75390349
40300405
-19553657
-77109673
-86055007
5495612
-90035749
18697110
-48659259
-3110211
10269100
6035477
63529749
63092609
22501706
20474026
-44435513
39507956
-50112527
-68648167
13623714
88985490
85724717
-7506104
25972148
-69419005
-28643281
-39447974
7234654
-48125271
40647762
11568905
2559046
17176598
36579446
84056371
86660941
57044080
-21939734
-59493982
-56162527
28470390
-90100530
-3235590
-15543974
30753437
-79871041
62673505
96015056
-77256880
-61120554
92707991
90324893
-6616095
-53834138
84206671
79450185
-54522628
54212563
-66672862
26752609
-46982444
-71655154
54945689
-85882204
-20523452
-59667094
-83091113
33464366
93177889
96094061
-83036333
-5502301
67539072
38022406
-1204799
9984887
99472256
-12535231
-62979515
-50637703
21413077
-14541245
90499293
64813978
-35340829
-97082719
-68673277
-95645272
-30156307
-57304063
43351053
-80634427
-48596750
-24925157
-71890529
9960923
80581515
-5285593
19509993
-55715213
46029913
-3699289
-97368341
-40952202
27219078
-20392450
18210124
-91389176
26034108
28593370
-43196440
-89154523
-67007351
71117074
-31632631
96600616
-55084507
-63772918
78057896
-77732438
-88184825
-62494778
-61803968
-74447991
83641604
18603722
-9019684
-94411835
-75944479
-22819403
12035593
-79956048
17466936
86917860
-71649170
38828328
-6557829
-84481552
89112413
56585066
3509180
-4190155
6358593
91857631
95751660
-51863490
78433697
-43136998
-78712929
-46152385
19846755
-36011054
-16969727
-21844631
-77061197
-12317416
-29017851
-14102602
-61206126
-52571140
31150065
84784618
-55038788
25228551
89437289
24997480
-94633020
7119103
76142314
84769811
-77089637
-77776630
-73576261
-42373813
-12918553
4651397
16632493
-67567104
39313428
12641303
12292759
64742334
24705319
-47002797
-21431167
-65345360
85437592
42372138
49191383
-76921257
93037689
19502361
71282215
35016810
-67597823
25146150
-5752559
-40047019
93952464
68591852
88205730
1149329
-18740373
87000301
-44709524
-62575551
42377385
93383016
-23484716
-31016013
-76748707
-93948361
-44399524
-33741086
-85465050
79862225
-16265549
89686136
86205707
-10727865
34020357
-49599812
-17291155
-70706214
-72548289
-51878796
-22832219
32840221
-92380256
97694224
-67161532
-82658795
-55336933
63355254
-97545527
68748104
89980823
23658044
6333373
92064148
-47217301
85235307
-59462271
-99056691
79963980
-676425
74049548
-84860249
-12455625
-97580164
-99715726
-77557881
-7017313
-51392454
18908635
-67289754
-90439811
-87388793
71460936
20989432
90435232
-87182442
-76192737
-46143520
18519662
-30461801
-49298784
-51930059
-29252092
97491400
5434940
-29377430
-52523212
79951286
-65461541
-24519556
-49382772
84268350
68913584
36264492
-99273920
70960489
23932847
-48975495
-96252932
-48505395
95685799
84929826
-76477795
-66824766
79621405
96430506
-83485977
-89292221
91558087
12128833
79007568
-53739801
-79249035
91660301
4084204
68677112
-78143149
35169456
-23057307
81149868
-78237463
-82637424
79718263
27832178
-87390278
84859299
-99062418
90718655
43414959
-27493210
-74347826
-3271397
21901227
68645389
99345416
-19995776
81181282
-7122794
85128954
1347495
63268502
79648458
53243327
-3325449
4852439
68519473
-87569551
72826773
49778298
-7567366
-44945786
-23729714
7257359
-4583265
24645457
48834125
-79708129
-73649923
-68114544
-78477521
-77612565
17937781
-66358833
43032309
-81697718
4739885
72964014
-97420637
98244709
17919722
-50945015
10638378
-67182945
43931753
-14692959
-2688890
20427718
-67772575
-73008356
-56847367
3517512
75169188
40085023
38797714
-52282067
-95513273
-27161611
55296264
11794933
-55616343
86311837
91992107
-87898234
-84472507
59076340
-50566283
37342906
-72416264
-18116396
-57009991
-62638116
-37998160
-203285
18718490
-55384106
36690212
14027920
-17143335
-82235196
37943570
44793679
-5268301
30673077
-16641378
51783465
-13849638
-63150701
41821479
-19825605
9601414
18690763
47641786
-7751475
29147874
-94004274
17594676
-11624395
24458673
-28858238
-87870672
14941560
-31054361
85572477
-28716878
30933908
-53549370
13428266
43900130
-64083868
40909202
94929897
28029877
-12357326
32931254
80413589
447084
14160820
33980555
87385419
-24046721
6248690
-78404573
-1939626
89188190
82186545
3347990
-6742595
-16885287
46629995
85368175
-71804585
-45908541
56490575
-54857946
-96699266
10576631
30371444
49654222
6745165
-3653750
66105838
75104579
-32983558
2428864
64279781
74640938
-67936984
-89011235
2116985
77556237
-45703400
-63627488
22709746
13611941
-34010815
-53570750
-94769046
68915198
40918077
86665379
-29478782
86224648
-53090435
9487234
72032888
97574389
-22065076
-19961077
79291806
-23415840
-13670517
21649974
60022984
-52822927
30325906
-37281315
-22544428
-25098625
70108196
-91349259
-63494425
9501825
44072334
15175255
-47106809
25520624
-5869422
21716010
-70677999
-78833267
54738645
-42666592
-95859919
-31523659
-16782714
14508040
-62185657
75612073
9264286
-13792742
99568230
55633260
24689006
-40391923
74037687
70616067
46166679
32241607
-69994218
-54307864
66110018
-43704495
32815852
-20402199
15639798
-51854466
-53364366
73284287
-73516666
43861421
-48402111
72652817
73855104
-82146143
-87498716
-10249146
37083025
38208313
70901019
29524648
-6110375
95796416
10442539
-12036789
-56304631
-87181345
-89354838
-89107215
-58132003
76161578
63857178
-34625361
14916747
26628700
-41951713
-30850970
-25702225
-58422137
-57207110
-29613050
11004328
70932683
71365420
-50085111
-83154635
95063862
63302248
20351374
-53952669
47727174
12380915
-12963538
-68090786
-48941572
65593908
-22236139
-99578819
-85287671
-25830155
-14926609
-65660191
-59608722
41212769
-27968573
28579808
-67701467
24237814
-47129164
-69504186
-70971152
85952364
-22250802
46077851
48637948
94160983
-55656251
95404933
-72882321
-43145985
80162065
59985898
-79629394
-99640934
60304980
-31591281
94385721
-1602550
95111630
-45716867
-80700510
-66977555
-34817285
89471041
91909766
98879010
-28141526
-14911947
-14598646
-63598083
6167693
25136695
95063694
-89034492
12375759
-90769427
-70147156
68681872
25121387
-71913263
-56407685
94021495
43691669
86898750
-70583570
59155655
72087516
20630496
-50829851
98518994
-77719999
6132
-24774938
60673118
-63583594
98610154
-30766018
33903110
67893622
88387296
2684009
-20064836
-42872780
-46147889
89052691
26170782
-20789530
-3950859
-91682364
-63407118
46923253
-54782099
-39362784
30947267
34850178
-53275100
-2451167
30186558
52281750
50296220
-52866967
-33352039
74771286
55811370
27206217
96256900
3991732
-12317605
8044536
-80668279
-99260351
1637446
99398316
-95259536
27492736
-22536761
84116055
86739837
-92886212
23424724
954734
4707030
-87448092
14891754
-10842538
66377096
26477914
94344956
70015034
-5167224
14911271
76946784
-27149467
56995911
-74961825
28402067
-45213903
-24239345
74752022
84722524
-31145158
-80711763
-26031564
12879764
-50349652
11789896
6582970
-30623762
87053495
-32335118
-74518397
-66588259
-42994199
85030433
-72820220
-55205031
-42927127
-71363942
-13063582
65740654
-1766374
84832995
-50880620
-65628298
-54176523
29159788
-63968875
16229761
19337134
-47220347
57238688
-11885925
-18413426
1956623
-64492424
-61560851
-97897647
-58975193
-86621663
94922595
-85309980
-8625743
-66784122
3369057
63213217
-5390363
-76191739
27040763
33434565
-50410344
-79894785
-63207463
-93713429
31127138
-11885518
-12514598
-55076268
-2664064
-44763949
-20439179
-14917606
76634297
-55260732
-40852499
91927733
-4547331
-10114809
97334020
-51512121
474195
80611762
-91258421
52614540
-69671006
-18484143
-52195926
-26622703
90919706
21946705
-4632878
90171471
10708132
-36910273
85491476
17457857
50011347
-61016499
3142249
16746532
-77212950
10935676
-59257148
33086325
-63748243
-37752593
46386217
60195183
-57112123
36778875
-69770604
93857685
-58798298
-20472614
-81120098
-80365501
17672901
-62288463
65287811
2901127
-25756665
-40426636
-62577221
15541804
-80772250
59008469
26503548
-2231586
-4166233
30053582
41723573
-24056977
-54806900
94329908
-30747359
-83837206
-18627168
-2443408
-78375372
11916121
-25571181
44738503
-91303754
18889518
70546393
4532200
2473049
-13437703
38756382
22748174
83451562
-76131727
-30771716
36395598
-54731630
17290212
26775640
-23615855
90351357
-45038204
-25957474
74506064
-89547720
-23369103
46416621
41367556
7369377
60709676
-76342299
51292400
-50485898
-29430099
16701443
12554191
88990289
77147133
3324041
-50325327
13450785
19647470
72161454
-47040094
56382405
-78991346
-19606616
31381795
30717736
30245564
-9686767
65104212
-34911141
58768629
93785409
18817602
48231260
9481082
98210197
-20907025
33075043
-49109066
-77457478
-56942633
-39158765
37469744
33063570
2447610
76443273
-78866141
-82017262
-9735430
-27286848
12865525
61701591
-64958221
-31898292
-10223516
17488169
61720363
83818081
8264025
-44091759
88149227
84081427
32899257
17881058
51731767
-15781596
6807368
47889258
-85109867
-51278713
-6279004
-35958608
-29174199
-96394616
2861518
68963827
48202835
45405757
92666243
-4203876
-21762733
-41931464
-93087461
-74320167
-48045603
-97896682
1576369
-74738181
92822867
-93267131
-8669881
80939316
-94274266
-57913998
-55241743
-37675922
99346874
-66158734
-62209271
25702826
2300521
92790340
-20332544
20298699
69038505
60707467
-80442844
-58989556
87182194
27300310
83961298
60781993
-41271892
-7199431
-94979976
-57391746
29406780
34207287
-19230195
71698750
-72008482
4552062
-79447492
-32861829
-40635566
18655537
97769655
73681563
13196735
83330198
-71596502
-12373579
19438102
-72152050
55232409
-98936906
18981503
59782809
-63424232
93920116
63043864
-88435684
58187862
-84304932
54917974
-20536727
-54270312
-34706544
42941248
-6023544
-52161577
46175811
14745402
-1057339
40969865
37427268
78248568
43136374
94164129
51897698
67680884
89074379
-17978972
-15288476
-81645177
-75811666
-89453243
-94608887
89048220
42652607
-19946889
-72261442
-17445431
-97819067
-39345191
98274124
23718586
27844021
91619062
60410219
13671985
90143119
-72766367
32318667
33454163
-13876657
-43700965
34894960
-73037451
-54776351
14173810
-92552653
33346580
-56137002
23198391
-2515893
29927296
6067041
-43862793
81794102
1893275
90457279
-65811023
-31552597
6560696
33743854
1848931
69860106
-25898393
39969897
48117434
4468473
38247600
49006314
-5215406
56806288
-5654294
-54515887
-93151318
-16323910
26084463
72668841
64767526
-37435558
29174766
-56745837
-61227941
13504258
-81461380
68023903
-11812112
-58352615
64382195
-9146849
-13633511
-72710094
-11997501
-31697861
63034086
-55349466
-94211841
13439775
70024222
-133721
88472260
40239082
-98245916
60441318
28275508
-30462998
95811018
-75738725
-60184260
41351226
-19272506
88907106
-7503502
53963057
50455829
-93118491
1922423
42924019
-98166345
13808317
-32698307
-51498369
15491996
47618696
15462122
28776753
57527879
65011714
74589651
59203618
-81438103
-56995423
-47996581
97725052
60503390
-54164948
-54748373
95512636
-72263642
-84399362
-19211120
-84331977
-15377422
-3418492
3483331
28393999
-21884284
-36965377
-25278478
27042201
-77471834
-53428540
-83610715
-93216669
-15446210
28261925
-86916085
47091663
-49630661
-55138068
49100199
37829300
35663146
56875036
82201779
63340383
-70865815
-59661411
-70553228
10257211
-33823598
-73325032
-9592711
-96207831
4485235
19837671
-97938902
-53754984
90579957
95870576
-99819098
28365628
-39857843
-99492619
-7031190
14389842
59150506
-4680372
63195930
46805722
-1724292
-49582133
-61780012
-23145987
40628839
-68084325
20087922
60016935
-14150831
-7608090
-16852047
35017425
-76651479
-11965943
96461121
-74799310
31158763
-81863334
21152300
53528945
87123679
-79806696
-55209538
35849481
-33858526
-12850277
80693540
-75554243
87281630
42067589
81089192
-57908133
74740925
71236559
-83224150
7994491
93244351
49907501
-47080490
19408470
81008766
-96187472
-39609912
-73846638
76331989
48650064
-90449441
-61515981
10858878
-62882311
41410022
61531
76512341
53145878
45844005
-48219232
72344438
68067085
-64635089
-548300
-9867953
-17097361
-91439507
-42964893
92908036
21231403
75265763
29701452
84087432
203710
-29261378
98786107
71034436
66852380
-90542497
-79034550
-25689487
50194331
-2452436
-53372166
86559267
40259244
73494684
-23651166
-71184562
-45994063
84224913
11747055
36100295
2808549
-27453362
-94013430
2336030
95347973
52101737
-4438986
-9379678
-26909050
-78671349
66596362
-3874352
60132577
15883428
-33635180
-46112636
3332799
91413500
-23298804
65262932
16989672
-29194308
-2906311
74948838
-20325023
49397747
-65108249
-42281305
-47868567
-43547371
81885368
85214998
19062709
26385002
-58590268
-75178935
-93530965
81614038
-39007920
-81534575
-99356594
29148815
46381384
-74608895
-70935031
86063274
-95580337
-42032478
-20772472
7764610
23540304
68896513
72786101
37536109
94944121
-60472141
-12056500
-66854104
-23735651
47997704
-58042836
81282462
52650351
26024127
22121850
-14706253
-80701969
61934498
-24585655
71680265
26270226
-36335603
38918369
11602342
-75615624
-62089286
-1011992
-41306465
-37934167
89282710
-27385042
-42634121
96642320
-26281287
-75501436
-17056699
-88174657
26518300
67961933
-66505674
-37238234
88254236
49940573
33538178
-92313214
-2835168
25432557
-49218111
-39733287
-93601060
-93916497
5654497
66748908
-76242192
-2292254
-86195378
-78030894
-33906856
5359644
-10869208
73211368
85524275
71664066
17969624
-4872630
89744465
7200553
-92916628
-93780033
-73645226
67531956
31972538
-83661574
12699701
-46200641
52582334
20882569
46269230
45869759
6350294
34858403
-36030488
-42727084
-1181751
-64789904
-79427987
-94703471
73951682
74070694
76390241
80644814
49962864
-19084808
70404219
-79769245
68826193
-77557950
-58212751
-71631567
-28106799
90441364
-98377032
-18799028
-94482468
-43370978
77254259
49286250
87922642
-1060192
24587074
-22885690
23250138
95114699
-95999741
62212398
-11121204
-42949034
32886077
63863297
12135334
-28748020
-60740688
-63756922
-27650119
85992618
-61483506
70223721
-89100366
-43064384
-36818273
-57828025
-62677573
-98341551
-7340995
95876138
-46883308
-16941158
63153419
-77245018
14621722
-79126512
-75780569
-99996438
-37366715
-38722160
58235180
77089616
-11330681
58624426
-64384361
27757991
-97125085
34973024
-77755775
-3705470
73787172
-76073781
79301568
81736710
-15660671
-46684663
25447111
85262013
-28294840
91035943
69415033
39884857
-42478803
12768819
33645221
-49004878
-41951996
-21698080
18342206
79324324
49176446
-7557565
-25927860
-96830370
52362382
90238517
64706667
-49088109
58774359
49011849
38422593
-16537619
-79164610
-25464346
-26617147
52342130
-24574506
73105445
18292511
-72761599
-74564617
-65652141
57294058
76160584
-98179342
27622749
80495642
-10933064
-99765335
-12111982
81652651
47557014
92691184
-97416998
-320570
-78593239
-39642487
-3023324
-22566820
63252242
-48591346
46102539
-20899937
66097583
84909305
-605049
-30832643
-83929337
-38185589
-49491505
-70352920
36426452
-71850648
64143629
-73046734
85541218
18956928
55110916
-40713255
20706307
14641716
-99081701
-11869525
44638008
-66097120
91980227
46551222
-97053593
-31641008
-88346510
-38437205
-69790441
44059382
-62278481
-16190058
-23549350
46684721
42880801
-13997543
-24808133
-97151254
11063101
-72384520
1083785
4946416
12831921
-65570899
46872120
-12137567
53528418
39013230
-97254
32201649
-80753985
-89767542
-47469861
-58865373
-39860939
-64650309
-98320361
65078954
86966769
95678995
-67202645
-97316964
-15542695
-30803407
-92086111
-35643189
42669020
-4349668
-23778514
17237691
49824452
-83782759
-70379930
-50147338
-14819554
21441996
-30846565
-78447482
-38624602
71350542
49765200
28584376
46897325
-96021666
-98545931
-96817512
-80362796
44462893
-93804992
-95555306
-31373150
82466795
6718613
-14317287
-94258188
-48058782
-80076056
-82533839
-31627519
98184537
-22480997
77859292
52812805
75212180
97489673
-71270180
-2396905
-99053739
-52141946
-66182544
41729836
-87603232
2743810
-94851999
-98443800
-71201530
-764326
-39167316
3332914
22338844
48727464
65594571
-55839374
61942315
-51147292
-11479327
25105007
41607049
-24304673
-96344546
-1499479
16159439
81538391
-36943435
74316971
-67470735
-80901352
92002458
-3501649
-74641044
50953753
-74671427
-64774054
-36029465
33843288
-85672959
24685
-57855720
71082808
30833182
-83316988
8606706
-53984835
68633881
-35101494
39969551
-46157780
-50624508
-99334922
-6506
22747415
-59182593
52704624
-40443985
69622034
19704419
31104950
756574
-28963600
40203058
-54680680
47144845
97783912
51786908
-51090560
-2512890
-43095502
47918606
74396184
-47999406
-82781445
-41002503
-72652731
21068126
57831165
-76976937
-87622831
31256852
-30619823
-66531917
39405853
23012717
-22239246
-39926685
1691174
-35231691
-72488031
82791791
-5362691
16446768
34846973
-93947078
-49966391
-53870702
-99314713
-6805023
54004125
11907838
-45236858
-13514966
-70787666
-68411358
92183950
-42325307
14368648
91036675
86825329
23399495
28290558
-86506106
-48287553
-99979369
35311483
48759930
-82388476
65560730
35968454
4211299
-65981653
-85530551
70392027
69808562
80664664
7444242
21497098
-13282575
-94577027
78153212
15900996
-13611984
-73336004
-16940164
-94220125
-63617831
-69116391
22162128
24880376
96049611
67711065
-36334073
96163551
92499863
-70455750
37008784
44874121
24619350
63346539
49134150
-87127393
16014000
-65633788
71939480
94712581
34057581
-77856004
-94309661
-69695299
79012358
59343421
36847078
-80034731
83434234
-10419269
96875306
-43603496
79156374
-7572273
-41357342
23112686
5546807
39733492
29097163
50196289
6190834
9132437
53771967
88618509
-32754178
-36273251
95017107
16211179
93884006
56559897
-42894837
-53032728
61216396
93206313
610848
81805863
53694453
-12777409
-49246320
38893552
-23513347
-22406610
-71819486
93696840
2530539
70790696
24117766
4595714
-38852185
28257225
99360835
29553962
68907955
-67643051
51585574
64872602
-96959380
78578017
-81681951
27816187
-5303658
-60082740
-94007143
-6339875
7399443
-42237518
-63051873
54758211
13258694
72329914
96744668
53413068
9493384
-10362472
-1786513
12493452
75837087
87967446
-83345375
1326892
41208262
10785557
-83516198
63627027
1846908
-70086831
-8970741
37151686
68452158
20402974
49733327
-79206510
59545827
-44317928
-56673495
-88268789
-61991036
-51010363
71046605
86881990
-635476
17013541
97989760
27052141
-73588220
55878696
77681740
-95568364
-22202355
-21526311
-40566737
-96820421
-17296452
76946104
29028776
-55475160
48100372
68286039
-56399183
-22729201
60029675
-43642135
64000100
-34163070
-50988146
-92803168
-4217845
39038583
-99625773
98371185
-5623525
-50801611
89461775
-21526120
-94024058
90133892
-75688513
88764244
21005577
-64095953
-81518607
-10825063
42898520
-76893003
-35747029
-69773145
-77076336
-94345945
8812349
-49267951
-45303043
15803081
73452108
-16455705
71844867
72810061
-47526560
1088081
-76708379
88511338
71357639
6529715
-51236322
51130433
74983901
-2766064
-67335196
-58959632
51396126
46526005
29283616
17812894
-20319435
36757931
55130716
-87580309
-24113942
32444952
84499456
19439030
30846974
8707586
66131396
36473954
71054812
-55282750
-9128560
-53367303
-42459629
87795557
50285569
-23922307
16345225
-61578862
77005030
-79382408
-50374820
-83162465
-55043141
-3697140
-55367480
3407250
-94212369
-77973889
-45907766
16793963
-47440634
80380540
86780705
-29866745
60304763
-3321392
38803605
25424375
-838807
70103543
48211579
86522487
-83474043
93892501
-42132343
60954495
58278567
-70224021
-55562001
85818434
47260903
-58950779
63320261
-7643093
-39155584
-81407226
76885583
5350870
47020668
66818615
-91594680
70051148
7323833
-68403582
96985721
5571391
-25119467
-51429447
-66279781
-37762434
-15314771
24721731
-62085857
-45590857
-61619794
27506090
54257952
-6338890
-32559992
28336756
31002369
-47692442
70791060
33852877
26767811
-77202226
4824079
34391857
-69497894
-18744460
65444928
-47480062
-72863683
89095681
14397501
95919821
-98141389
-37417746
-16511531
-89569913
78349854
45020732
16027274
-75869930
-3652783
-55783827
-33071767
60679146
-1923271
15798731
83699912
44877252
-68079442
8717541
55548928
-20821217
4636174
72761631
82603434
98879219
77659745
62091920
-46288470
22512229
10423671
96208594
29141065
54262216
-2757955
-84323847
11405388
97992717
96115478
-55296865
-56379334
-90574746
49610576
-99526488
-81516299
27319846
22913960
-81305945
-86197184
-83374673
43322779
19280570
-70838480
-25503378
27050206
23848282
42654638
59116943
98595691
-20732481
-29424815
47591074
-51699854
-55478112
56461440
-81090232
18674339
-32311829
-78925703
-19126286
10717416
84684097
-68429929
-16428789
36348423
-28663236
35175922
55716767
8498338
-43863338
-57317171
8855299
-18604225
42057812
-82073103
63553409
-20766862
-44302744
67676136
-1159061
-44918849
13401724
-73154620
24502786
97099781
-5490747
66077421
39504909
28559995
-25658369
68425181
89614765
-27881447
35205372
-16768178
74936723
-46954965
35177007
-74371818
32769384
69975902
22204735
-71264295
-15279023
-58463110
-94016899
-60079134
8434891
-51715460
-78922008
57205063
10971837
-34221483
-22260059
7620467
51865134
78606226
-33772119
-67609907
-35568877
-85984544
91233219
32805202
68448789
42921785
-411139
-50911176
-46385492
-28769410
-1866207
-75541929
62129567
76084394
-4895490
56818881
-48165785
-14834966
99388141
-65614476
74773575
31460669
-41165511
-21391469
-52234724
66378958
54813005
84757008
22700556
18173092
30587230
62055578
-75210368
-34529059
-39566339
-18670800
59424207
-3857961
85629737
-52809419
-71035915
-82455734
-87340202
-5676285
-85711200
68937149
-13334464
-46625863
-32118142
44073425
62157705
2126752
96377562
-96841299
71463618
-37170445
-54629601
-53807462
-34357495
-92160146
4362154
-85555099
87189767
-79848597
-33842955
-13119389
61419032
93056485
-16714735
85277538
-99008748
-15300601
82151441
-5940466
-90270993
-66521310
-85932086
56616731
-49865354
52166383
59878233
78980301
-39232655
-95237629
-60780630
-1879267
-54562247
4375552
-40821647
76178893
-99311146
-3843913
50926335
-67358177
-774208
43977415
-45106929
-95531440
37213042
-33519687
24060930
-11781124
97830209
96996308
-76898322
-88541190
48190236
-76162257
17376440
-39085710
-35053091
-88016670
-33411450
-37865521
-96969801
-81596838
80742754
-9587851
33761378
-40788381
-73459418
12420076
79527929
-88291244
-68664350
78219627
-37621261
-87070731
943215
-45102537
-88920214
-42585240
38810770
86613758
-8154043
-3201517
80679946
11998521
-61651838
-96757826
27006469
-63415573
-35910504
51136428
216313
98006234
39643955
-11119464
-50145457
-37708972
54578366
-53095378
24032290
58696936
-84013433
1697367
67573893
97159566
30201513
20072450
61885837
-52279069
81184985
58158122
-33319032
42889838
86412569
-59764783
-66298385
-55303323
-11903790
7722084
-62445389
80643679
19690073
58087912
61055054
-19907341
89298404
86395051
12137646
-73682360
6521780
61841626
-27749718
-22851583
62528206
-8448113
88028937
-47826877
30814948
-35103682
11431099
82812437
41737431
-51919706
-49829385
24742696
9934202
85133922
74857765
55807231
76778136
94972651
70573892
-68713210
-85561721
77449673
-64294874
89107451
28373714
951195
-58525783
72298986
90985643
38922703
1706185
76869135
17123334
53657085
-27790735
-62764581
78950472
32982564
-20822349
9109449
4853211
-37020463
-89406623
16206498
-49396606
4229376
-44220530
92836384
68099412
90914710
79143102
81798574
-27040853
-52400058
-29847592
-71408245
92973828
-24638743
49847990
-99955511
2390210
38586687
58809481
-90955530
-89600677
-73002420
-78764246
-18503419
-63668749
-40389298
-12437814
56164667
42983616
18265052
82838419
-20168137
-36662719
30843688
-24661307
-53293528
27661706
98868588
35262298
-93021643
-99196404
60732828
-98385843
-41537833
-28914230
-68086412
90358332
-51053246
29248649
-15272489
-43759813
4805523
4559037
-87940408
86896421
-47057308
-58648457
-43990420
-84960989
-42347952
-38857308
-81180867
84947734
16475157
17163676
25139256
80984416
67830863
57957719
15659994
89491511
55388469
-13386683
-45631048
77777825
11573665
-49466629
-89915383
89556759
-82402806
75431235
-27720137
-94488984
-38305797
-81642051
-55875554
-20562465
4718525
-85487570
-38990925
38414368
-72637530
18948021
-4098965
-18184723
-76941056
-24214907
-63329475
-48274486
35895727
-27275235
-11294099
18113832
-78231756
11732046
-91789341
-43448889
84680219
14413715
-88383126
13219948
89556523
-95142357
-32966899
862503
-77773941
-69045709
35272702
34143967
-20682452
34088765
18762705
48484795
-15126542
28186847
36107195
-88170648
7788708
-1473538
69548878
6186712
26388406
13751526
578709
86181762
9560231
-41884351
52806278
14498149
-75846369
-14225072
48205817
-74114460
30532509
14982455
21573440
-1412563
36396901
47782351
-92861146
30169837
95521246
-80106181
42986408
50812159
99889664
-12776732
-68493876
54608709
-84129393
14829726
-21460483
-86031141
14602215
92457877
-95262525
74267274
75345810
91752870
-14343777
97557263
83146349
38961861
29584488
-61077886
64652389
-35807259
-92100243
-2371061
6214867
-12077782
81118457
-34292561
26146999
-66912507
36358723
-44098295
-17235653
83859400
34911446
-64721426
-72633703
58059165
3655843
-75790196
-98912741
1084645
-20952933
-43597578
-98501269
-18667017
-30829617
-95010868
-51056094
-92798160
84403320
57843652
89588053
22539400
12322366
-78831027
86284711
80559218
-86729304
17430110
82104023
77954559
-99115967
-74381788
51752666
80463376
-17203748
88057856
79815346
-64318328
96810341
22926168
-1217799
68245915
-63815019
-62861422
41132452
12867177
43547522
79680737
66498099
-77043251
58683210
39650825
44094082
-91155748
61258767
-4385648
-28452640
-39351148
-82784847
-84557692
41244907
-56690361
49567132
-42366392
13761592
-83805612
-47822364
-47389376
-80087359
-41715989
-70380420
72397124
39269422
-85361194
-6525150
77376262
-14993508
32524503
26388255
-62872533
-71669989
13349994
448387
-74909091
68156789
-57374990
-93093804
22817183
-70192052
-35149299
-59390705
-40403249
-98854135
52565640
-45215562
21903402
16324652
-13566659
-93377858
-3781266
-48563931
62586263
9483601
49694519
-57063845
49762380
56624958
42536010
-62696492
-10565286
-74507904
74629124
70304754
-27889196
-93640603
-90703447
-53310394
-53421985
-50808413
-68993597
44331440
12768325
-83524259
-42885720
-18245216
48045200
62827513
20052036
-1425554
8729485
59457474
47767606
83222425
51786705
-84155360
67137145
57446684
-72347507
-47424249
45905721
-63765695
79816035
-85440838
-11304315
45034100
40913132
-28639106
97388997
29890542
-3867444
-30852858
31553154
62883303
-61926420
17577435
-79621339
68121658
94521196
45657940
-58725234
58289571
-41775255
3194983
94680514
-1732351
-63879634
15725930
5675828
99006846
-46746528
-24869110
-41964820
17216919
65877932
88526822
58122603
-4363207
-32257571
-83045087
-35883302
94233826
87249850
59071544
-68320765
67630279
94830578
-8122905
3911453
-51816672
-86327333
11384060
4101616
-89888275
-20064904
3548560
-99168313
36346692
65450157
76403633
-16666694
61780090
-62370012
85019422
79710228
60944210
61812493
72892194
14520844
-38282930
-8092791
-41823941
12068238
-89283755
-80396138
84418728
-89069939
-20621719
49794534
33165088
34159619
-74235840
-81945628
-43520076
6612016
-22393880
2758119
66340078
65902046
28731175
-16808402
-24692082
-88680427
-47031527
-37305926
36791235
-42115217
42354837
34624497
-88611107
27286542
-69509672
-65333867
-78152897
-11703268
55829971
-42312214
80687959
85920823
82118726
-21363756
-12839005
-42125898
7506174
-29087179
-5677997
-68611769
68379553
23419064
87416168
-52694768
-51028218
37900482
85438317
-43540917
72494178
-59384032
-78657231
73114157
29324655
-11204992
34096173
-9864318
-48479131
22712219
-66647985
-41714866
-79476764
1424574
10743071
93327935
-15351092
-31791864
-55257819
20599550
-38260962
-43271233
-84269538
69743170
14462632
-29695410
-74987135
61599629
28813770
59548398
-79352963
52430043
14869736
-78271575
-91271935
-17366316
4884328
-84612449
-8747797
12958776
48593258
-41715812
93895005
-60675795
-83886136
77443940
-96712062
-3979985
-37680110
-40946895
94405390
-37496548
-2878024
-49038246
54002257
-22185776
21187898
25929933
31606771
75360925
30215087
5224071
-9829468
-22300788
32884103
-46823770
48962349
28945089
67699294
-92038507
55656963
60122277
-79267060
-51583349
2560765
-27497882
81713547
-55989403
69897972
-93607680
-43324850
54131914
77757320
95337650
88561307
86850627
17620802
-11994720
-98258337
40416892
-88421325
40505336
74151240
63556619
97267350
81203083
-93839881
64304370
-38322692
-55789129
13921662
5112294
1824329
-91428023
58638567
-86767774
-62206774
41923575
-59739734
-21880851
4029564
-46215979
22624325
-14147960
47337026
92580621
-71696784
18740450
-88906764
-44036632
-31546543
-28396923
-22682988
4561582
37960598
81274401
67818599
32873078
-46450345
29285333
12675609
-14283803
-83519555
48318676
8330427
-35976642
-95473503
-75697620
60786838
81035074
-72114418
97653462
-71887851
-36799468
-61282814
-48272515
-19263374
80595648
32519596
-50213077
-14699916
-58782775
-49611391
-70096319
8310097
29815565
59838365
-95624136
-69850683
-31794052
29219925
40637967
-62305902
-77313238
95329907
52514883
-30941357
-27800071
2187184
-74630962
22965976
-25793992
-59828836
-74013148
-8389701
-55323745
85033689
60539208
41279043
99175677
-2058175
-12873675
-97240685
48822740
4420011
-96459781
-31142371
18251434
29311722
59875495
78174423
80875624
67309299
-11366186
-88035967
12663965
-14472668
29522826
-95240880
-75279515
-69829450
-45265425
61168751
69677627
29525770
-16755872
31354119
-21653691
48864160
87985514
51147288
65469505
67416897
73309798
825465
-77940311
42939859
41297947
81163398
91654920
-81037814
40447772
-6582261
46822455
40448138
-35146484
82213339
-41556241
-3527490
75491116
3913766
-91514826
-50803373
91461284
74405358
-27037071
23239963
11535971
50760206
-60666080
18353181
3301596
29338077
41113434
57728613
-46432708
-42262497
4191736
70080401
47457410
-47049722
-1615942
26661341
99294531
31914661
-88684829
30118655
-62474962
-23100324
-93528317
52122219
3043050
52980505
2985195
-35566280
-15939469
92325314
-93353704
51781626
-53880082
-92350977
-85054165
92213011
43132188
-81836843
-78170763
-69042487
-87079389
-68787599
-52224792
86055240
43331686
-57664412
-55843690
13695433
-34192515
37000678
-50081768
48446509
-33185170
52883195
-75307428
78292739
47982017
7847575
-91189993
18010228
85045794
-52625686
58921988
-57512337
15121479
-63860429
-7277291
-73032482
-99691128
14438886
-91523528
-1174612
-24451562
-60097443
18290981
-57172859
-22562950
-78555144
13436219
80604216
-9156870
-51218657
-91821910
48581899
83201310
-91567713
27771532
-23565530
-76106675
80872194
58498055
55872731
84918851
50975534
-728146
-55162079
25695303
-13910610
-58293316
-1406597
1070831
2726922
60614621
-29469430
92647950
58282666
72940148
-23833964
44870854
-4752098
-18786278
78000582
-72744700
96235488
-46759744
42538324
-5764934
20051218
18562927
-20794959
82115688
30179560
-53400693
13990224
49658340
33315297
-95011589
47760898
-26324073
42240849
55903960
-1562911
-88501944
-808689
91545851
88531006
41627918
4526220
-63102625
46474657
24179521
42606326
-27480366
-10578549
-50405937
12872773
-75895659
-73744422
-71157365
71816675
80647227
96290077
-40337955
24529219
-84426389
1690457
30474760
-84500503
-56534671
-95180582
-52947039
65297907
32119111
-67646529
-59930456
21717144
67393177
-16135051
-62852492
-31503855
18510823
-23501666
-67824003
7532212
30296885
6139169
-90271843
-78845837
-78861498
-29169339
-1298820
-84222258
75045179
-40195426
-77123026
48495187
-61789340
-29968760
22020942
-36857141
66524916
-49190461
-55522034
96292726
-26405717
-38563566
15344768
32964738
19648707
-95820293
-52068681
-6523383
-2124854
-87151144
21051261
70076331
-66188371
90765773
-25811749
37633820
18768960
47837348
-46951027
62365980
73057250
80596543
18742100
-79236672
85590130
-49113015
69342145
77489684
35642844
83117101
-95093630
-15996958
-2970902
17308385
9452554
-1751275
2951934
-46799725
44468813
39141555
19844312
73288491
-62424161
74615598
-97182742
72227150
-8002764
-15469051
-89362606
-24441441
26806773
37518468
-32276561
27369690
93156119
52183167
42882187
-40464455
46136729
-36598837
-7279670
53873085
-20549356
89136493
78534798
-58326202
-43319869
49287156
83899828
-34196500
-67509533
-93472438
-57867295
44128269
2007227
87839339
62854745
-33515997
39547174
-7377168
-96882646
-28051327
28176446
13489393
36983388
14254600
-43413586
-82122258
21459928
-41487598
65919770
57943061
84249766
46184
-29829391
66285433
-77936313
-39596263
32727361
71395056
-68215791
5372942
52100944
16947474
-16196387
-4693544
-4274277
71977398
51540533
-51528055
-64314
-53909149
-61634224
87551967
30901919
-84418194
-53635176
-89767187
-56171495
-19595372
95102690
80601714
-39149615
93081098
-58680112
-228542
12758987
30713619
-57509107
79143874
-41460227
34120326
-82382854
35338810
53515393
-71346129
-99314219
-3569894
85324209
27230233
50120085
9716961
-87664067
95302447
82049977
50266758
31511716
-49347124
-31585144
-58060119
-25514028
-5275958
-40465232
-47793646
-1449224
59981857
64012344
-4066138
-53633093
98069966
13357420
-60095560
-8089831
-35162215
3605625
53816532
39594602
-67075040
-98195399
65248466
16654408
79171192
-84714469
50585975
156371
34119898
-27946756
28787737
-56222559
-56325193
72856353
-99519228
98760409
50319117
18889111
18066296
67649661
7726705
-4815618
69935890
-53073317
3470980
-78381378
-66532006
83427892
-51193076
-29412068
87907248
-93105882
-998936
-6862462
-43079283
-3007637
20363155
-93778417
59573189
38372852
86407175
54849200
-15504662
82378250
96209393
89166478
71487228
-49075945
63690954
-51147680
12413185
-71137826
45020481
-12505621
-20206719
77701273
45505951
99647998
-91911183
-31311441
-85019341
31223126
82488740
63095278
63380642
-62997462
96809243
-59093797
-22457454
90246282
31165931
23626582
-48100801
-9592551
-78428974
19756059
-74649206
70112653
41390093
18265638
52531080
57673976
87097878
-66619766
-95932087
88483598
89942047
58406445
54920607
-84248214
-42965829
-73135218
-71552693
39579281
-92903287
11783217
6669013
-13775286
-45956152
-59481947
71885145
89447405
95033253
70953974
65580709
-74449604
-19537041
11223439
-75432714
35883805
46039376
-16161107
-59302898
31029652
3447559
-36728062
-95122000
38268964
48139055
-4136290
-82863366
68619356
-4549084
41808148
-43543243
-82547438
28595075
-2986019
-85712057
29703718
-89800551
-56177638
-65059753
-69126279
-12732058
-54353241
-4301059
-85345631
39447404
-8165917
73153009
81994520
63261318
41369272
-24961156
-416002
-59131549
84559573
9994650
-35068289
24935955
92929005
33602878
12388449
30527492
68606756
3745848
74174199
24820242
57429795
44303282
-4250221
93556701
-73687532
-49820234
2910650
-1754816
7288292
20101013
-84245089
-1759596
42767130
-28338
-52982501
27979623
27129955
-35789798
40926655
62833952
-96013802
87742123
-66387645
57376324
17283581
67128665
97500205
-89741830
-12148191
58962291
75009566
-92211504
81960535
-81059404
-77590404
-41525765
81248496
-2820986
-42489348
81789718
-41254458
1233653
26340450
-7877768
73502734
-83661349
13041310
48123507
1449637
-78774029
98253839
73907206
-8699402
-18551407
-86340166
-68564831
23674955
-52164453
-78068666
-4282814
49355696
-14153686
49177602
13592476
35576079
-86819777
40797577
6547758
214094
28702704
-92754994
80861278
92763504
-7431603
33940246
29157831
48084919
-66429571
50307724
19205968
58436805
-23025617
90983914
47352542
-38627129
-18573423
35502591
-51557123
-59657599
-93565685
85926853
45225162
67141051
40684073
-65425314
92919860
37102384
-83938363
-74176412
24467118
-70201459
-9852914
62276573
-2102302
-97963529
-47061316
-52205099
92571877
-82204212
-64518192
78096522
-63908455
97637341
7003635
49494098
-64061484
-9864454
-4785780
-78890670
-43933090
-87931903
-84695548
-30307604
-20538895
-65468459
-46106153
-21964225
-88584318
69467474
83294671
89177269
42221806
68719275
-44497092
-12424428
65474143
21784941
5018169
-44136675
54169933
81718045
37819477
-72669177
-72126996
54213511
92745048
-10736664
-60546538
-93325353
65323174
56972187
-90697065
25858111
-89498122
91729575
18931532
87326354
49315516
-12750108
-51282051
-46121566
-47605865
30015430
-67144369
-14612828
-28309495
-48193009
-94193081
62049249
30924990
39408710
59744499
-93581121
-62338387
-23269707
-15909212
-3566395
63537025
-64698439
62920422
-93070916
-10741598
92624758
-5704677
-24067594
3403856
-19467785
-60330881
-57496524
-90581869
34738093
42911283
35595137
-39747087
13489478
43313057
80077229
77648423
-27803904
-15771158
98315320
-6442546
70050498
-59386328
99761981
16679211
-69367233
26510763
37045561
6003979
61970498
44358245
61171052
-78843154
42377002
-15626153
-24145234
45340535
-69906874
-10543292
2538945
-61221459
-53493766
-66847940
-21710366
98482510
10828776
-93558086
18912968
3906362
-39019131
88559364
-24984254
-59855573
99344692
88249439
63485354
-19541157
-52059220
-90828987
24990190
27304247
48217270
1985799
98689501
-92705131
-44219264
92955233
-56384294
-85260996
77285484
18373497
-47877235
-39306938
8985209
-15982761
-77868929
27529000
88474602
-50733206
68154581
-18024691
39865872
12544265
21181135
-56058871
25585101
-62386287
22875991
-13005912
-53482411
29259140
3601569
6557283
-99936554
-53091805
4841462
78355554
-30524994
-58258025
8235650
55325302
-42765531
1383830
-43055612
-85138899
39344442
1813515
18289714
96167023
-15581609
-64569026
-6700218
22346046
83488853
2109103
84011032
45323576
-29178735
93764151
-59154375
38130650
79397277
47091076
-8668602
-11778177
32659717
72964010
-40764928
11985013
-33553250
55223692
-9970533
96786214
29237442
-50892646
30367029
13572587
47363877
-65820673
66175039
61203554
-7627169
4952044
59597194
-99661545
78093007
-81666575
61504825
-41659306
-61785624
-81338049
69050465
-7888877
44733547
9217567
6246129
93019666
-4049294
-20364889
-40268369
90176645
52261166
97066030
-48509089
-5937906
-10647053
-19164054
49818300
54335711
72514772
38676262
61093276
27516211
-73367312
25159771
-63097426
-23344876
14092838
-96799735
37989971
98688279
-26604103
15421576
-49232985
-99713607
-85553163
33778698
57588070
87554553
-66522499
70876243
56793924
-34136616
-4008425
-57015834
-68731508
-11174023
59719918
71854850
9988628
-78039886
86743255
68900154
17149621
-27681923
-42848870
31257698
-6741512
88632992
75479024
41563092
-1645913
19515990
52778894
73581098
-83951003
67272266
-21152564
28544379
-84852488
-10924143
-91904274
-61550964
-78794529
-41912594
-43514835
69756931
54683497
-47661857
21127060
-62221024
-17681993
-78574249
49738546
37118785
-22515299
1250782
-93603423
2059811
-43419317
-9570821
55956717
85625969
-76267404
-51797318
17522847
-78956915
-71563393
84146131
-50291684
-24330477
75847642
-23620926
48059912
-65760003
97320289
83884413
59128917
85420634
-82354749
55047686
4363376
-62320195
-75261621
-45811992
-19722612
82598647
-65849583
-15427815
-14384317
68784051
11347338
14018782
-38168732
96196131
33161031
-43287512
-9375000
-99966783
-65144937
-11630689
47515171
-53868963
-58520991
-24593806
-50209906
29251565
5160451
25396035
-86304983
-56686703
-6805635
-28795013
-15840077
54331503
34104906
98533647
-34092837
29268759
7847988
-89251475
95130681
70870036
87824035
75646900
-94385291
-53583265
92948662
65590188
1650663
-21491905
-28817332
67398015
4537033
10410916
-29255045
-28682426
4221802
-82254890
48463583
15969281
-6611689
14382200
71677980
-25047142
-83153820
46254026
-92973971
5828977
12005780
-7059975
45033722
36764080
19523298
33109059
-36958587
-48730358
48170995
-61155910
-2393873
-66622307
-75845213
-54349069
-34644117
-16438117
79566770
15531499
74122792
60204920
-50424972
17644812
-92859124
19198389
-70744218
24866524
-22958736
25690110
-97250475
10422562
65325434
99455804
47840993
-52241200
-36269613
-7790220
-90036014
-72073372
48657019
78618836
-42968129
90028388
-94597493
38085019
63600475
99232662
89857474
95782345
32219827
4371442
42283700
-34224955
81933088
7842117
10713762
23636206
84915698
-53051389
-25677023
-45117858
-2250619
-95969901
77368756
51211113
-74955387
41212040
-11342193
37273673
-94214189
-88482861
-61867315
96950829
-80899665
-60247254
81127030
82919922
99607061
-3935786
-17333238
75390392
-25399510
68712064
-63314794
97992734
92748940
74611407
9800494
83208582
85144977
63865566
95554883
51328617
32696197
-26404853
15583943
-29240852
91465537
-86116437
1451653
20154011
4214186
-3188135
-53658189
-68931240
-7929356
-66234588
28508702
97081373
51513353
84528569
92673398
-455814
93593843
96598598
-29392704
-9526136
-32205629
-98381109
48075188
59196691
66357308
-44620081
-75510749
-91226183
-85889867
-33295222
39941457
81429367
-74134269
8833672
-73567382
66349083
-27637914
-4528577
-32736385
42718711
-9777757
-55225797
86434697
50961869
38715225
37380951
99278240
-22931699
13248440
92973046
71845881
66641444
89378276
56723110
58685993
99130749
-27061197
-724744
78590050
91179207
-32687666
-10946212
-42863401
81921651
-56694968
11721621
35771402
49239925
71197857
83230652
13879228
43960220
-25141259
28822800
-36829162
-7948579
13714000
-69923037
-35835437
-39579155
-51015273
-58605544
-92007919
-78352302
-48248757
13597461
-21051904
-98261821
72559024
-9521597
-35851433
66946094
-88399331
-64258962
62517792
62781438
-60527901
35259001
-98419444
-32516411
-13801899
10483379
31619931
-18093210
-57368147
-9482767
94195449
17714832
-6089835
-66646720
-1892929
-65283995
-2583241
-37308142
-23997664
-58693702
-44740774
-37558787
-53076562
69626128
-66576921
25905893
-26236948
66497266
-46855998
78111047
63387431
2456828
68121374
1078151
40828174
6572240
97706530
88476374
70909000
-80111107
61089482
-11730271
-30031307
37843649
-37343738
39707505
25541697
57023599
-72807845
-2915280
90361166
71273610
-58833353
-94371797
13185548
-45419932
81295975
15953560
64921745
44579465
-96941937
90739887
-69709230
60560816
59278670
39620273
-21937907
-59976454
84040848
31474926
-8044357
13339490
94993035
-43548102
-7184549
51555632
19858364
-83259643
-61041956
8026347
-70191445
13658623
-56768964
-13419142
-18122759
-52192690
-9819497
55031300
15361505
-64626372
42424989
-7837929
-50573973
17771000
-81723680
-31751252
-19097580
74754297
-22561858
12328366
24327787
43877708
26964905
65580109
-60353037
-62006607
73063560
45648208
27308356
-50471224
97395416
-30808928
88495324
1755095
68558482
-74844762
27676165
-2504350
-631319
27830031
-85612734
-56273702
-10098917
-91635288
53396270
56334810
40297934
97109825
-74630050
3846843
-53156117
33376813
84709647
53749020
36935689
8335508
86819153
-73938168
62009183
-14198594
84989466
20145829
-52509760
-68765870
76493327
24709279
41080210
79756317
-77917312
-43363107
15367993
17506333
-61879485
64139872
84406430
5020397
88409551
7651407
58049855
82007507
50972440
60297635
46717389
88282404
-2628755
-10989600
19043962
-69278563
-59841067
3478319
20520573
-66048018
74161604
76346825
28957070
27592687
92021718
7611394
88561921
-29036732
-81595368
53220499
-28799380
-63453556
85970819
-96415608
-19242983
11879013
-34191147
-95784503
23290647
86609916
-93898864
-97659107
-15220034
59355530
36071800
-13461137
83907169
18181465
-10854541
-73711972
-50350741
-46220856
-71315312
-68127635
41113878
76542801
10375982
46072158
29521116
-86395042
82138830
-242970
-33364654
-70918782
98010006
-36901408
25759795
6918321
-35612281
40500983
31673740
-20211027
8236488
-46284060
-45055940
-98298533
98770368
-12020694
57280080
13551172
73579802
81370170
46441806
-3385215
60240264
-47922847
-86644497
-30213864
50456794
55404246
-13327802
76578767
-57940451
-57426857
-98792293
-70841025
-82872082
-29428329
-71780477
-16076976
-60156851
-1933965
-47725562
49445985
-24800648
24303465
34242716
-75871953
-97952198
11726232
67025393
77062960
-65772516
-98110684
-70592410
-64075519
-75161667
17329799
-1024300
-36513549
-40638789
-80468603
-60529392
-2634095
-22604760
74751874
35167126
53988107
-19608034
49350767
68339938
6358380
-94162134
-60249778
58887034
81346136
74313580
62022750
-49998510
-40546649
19167702
-85225898
-24756205
-38058954
-34606643
40426487
-73064598
75561092
92316818
-82430822
83129525
82444709
-55317944
-47740433
-35103466
73424511
-77940222
4629752
-13163865
-61092710
15266720
35681454
54008718
35412255
53422877
79853680
-73691156
-62463695
-66873219
90467608
20810062
-56383369
67147092
45942109
-71256411
-57826750
-99449743
17971495
72688551
11602402
18029437
-79354653
6138854
70542495
50857119
5111852
19798980
-42007059
-89560446
-87930429
-84771360
17562484
10151795
90219196
-92305244
-65568890
-36468362
-98372674
70285280
63529130
-5667220
-54855830
-58689116
32500178
-41525158
38302887
-72714298
32300531
27316397
69096272
-29140500
19422506
-35847546
-48545702
51430064
15991017
79068768
86262515
97577478
-51077920
-21234965
90935052
68609083
-56352651
67629223
-81648595
11526272
57085275
-71152032
21711801
-56267139
-89425013
99992988
-29821940
27454742
93569767
-13662815
-78413573
53690191
-12325493
5078662
-58737741
-78291380
-15500443
60199432
-11251144
-75155480
-13198944
-66819874
-43064017
-36244218
3606724
4068007
79804872
-49525002
59118888
21130725
58739730
25779387
-7551615
59672807
-82569341
-31976081
24125223
-43050415
-61538819
-17707655
-47090689
-6013352
-56886320
-15548428
34873876
-80451893
-3158274
-55782730
-13135827
16021346
-90902455
-29148944
-46141054
-54607066
52970506
-6826787
17956768
-34985003
-17328338
-12525143
-82865561
4353343
-67778558
-24014152
-93581170
1242992
-85750935
93391653
-98483902
-32814602
-89794987
-45336711
12978334
-28465093
22921806
-71308292
-43970865
-54973513
-18384592
96967592
83112887
-14812061
-1807036
74350429
21613971
-21177157
83484304
91047977
17209152
-9799082
-44419699
-84345304
89381875
24323998
66514829
5117972
54389868
8145983
-44602013
7359661
-55547463
-76595096
-87526332
-8340333
21150496
-42497434
30010477
82061919
-44813518
66230319
23964776
-16707166
59510744
88853731
-28043763
-76047065
-71204969
-9198970
31998965
-60391338
-7188640
32910386
10522379
-91648625
-68579723
-41627126
68529820
5677916
-15245149
15922441
98728059
-82050264
-13155311
44143081
89170642
57925370
20878081
-20776524
-20807684
-1561774
58037293
69485390
-83619864
97020610
89691587
-5430132
-347551
53741836
19449857
47143949
-32478100
-67376518
-60962333
-60895514
-8302599
89131522
-32202099
-97721301
-23179908
87311531
37631072
-39981430
-68487972
-79839047
3346672
-67758900
99925405
-19012410
26528268
984360
-26324880
27331073
68017766
-74040962
-81097901
-32989904
-39474849
75553337
-83992692
-41092659
-58132643
-19440592
-80590076
93042420
38086210
3010914
36732604
37862971
-66036953
82351008
-95766827
82292520
1418726
-13352471
-42866656
5494114
78496271
12723145
6524834
57851257
70932019
79569569
25551143
-22777297
25158229
36619475
-92043466
49101330
70183695
-11135648
-77071088
-96918233
63780772
-36254774
92394300
-30645157
70770727
-16109254
-17006770
2056928
78555405
-68277487
11769754
15016803
10062591
25728094
4277
-13296853
-74213829
-45061312
42639823
-16240561
-16745804
-94408467
-43333992
-15855271
-43961120
-18529758
96540319
34299264
33769750
47521934
-99901999
-29941600
-41672996
16643874
30272529
-9197469
90482433
-88515479
-85807498
-87360118
76340396
94470687
43300630
96765685
-54046382
-69335047
-52883974
5493456
-78229662
40925771
-52531781
70789829
8441373
29637939
39627272
-99359273
-77202912
38286133
-57368311
26742650
40016691
54916935
-43459010
-45656388
95686264
92169884
-44727537
-97450699
92359406
71468831
-56305248
-73485457
-34292726
77879767
-27619120
2467962
-74980630
-92560506
39615821
-92205007
31213790
-16882350
-72295206
-70314953
-75543745
17399362
-75645731
18814224
-60976380
47463439
-58556971
5891606
-96537773
58773319
94803742
-68292431
-9144847
-79203387
-92500445
46723219
-26990980
68616551
-39376412
978337
74954283
-79426135
52843353
99483523
-21674409
-61145699
4171079
46545324
52802333
-34725667
-79894345
32456843
-5217281
-78005486
99266376
-5043493
85849602
29617131
-16732005
22711577
-59083495
-14412105
-26048010
34535737
-13908657
-77702798
81592819
-66831760
37371626
-87734827
34901406
26266020
-89918934
-46918924
83809730
-72393816
74948880
-57843140
20092841
95597759
-25458818
-19625368
-98993434
67417413
21398146
50547514
18426703
89224155
24516049
-82790457
-14446394
30598732
-13813664
52095994
-60196467
90483763
-8867739
-53309267
11791776
-42995975
35268068
-81046258
80192645
-89117612
-74440135
96183023
88165940
-91034185
61620053
1594548
76055122
-79015125
75651456
45014533
78843475
-40412355
53666458
92090318
76874087
-24482015
18930665
53106179
45195923
56361113
34549090
63429247
-36407954
69965588
-69018408
51098253
98597174
-38718879
27167754
-17012397
74045692
-70347333
42842389
62892748
-43833040
3350267
-25153165
34618923
-32903556
99441539
58776811
-45074571
48146943
72812737
-75716529
-14488569
-54149296
-25844403
59560577
-57458649
37570973
91636556
24919748
-76908484
-30492712
-77624965
30632378
-24415757
73485547
-41213121
-17668853
-99516768
22682118
38581692
16585562
-96145869
-41793403
43157302
-48165867
97415465
90102689
3862637
14821265
-58982879
71008296
-92481710
-30724770
-24728024
9182459
40055888
-11288777
41910630
-57724988
74465488
31381680
-63132911
31328906
60820916
-98682297
38539089
-18594858
16591810
-70614788
-14425073
97980374
-30854841
-58835344
-24427139
-40016960
-843340
-22735712
-27283597
-70572862
-83857907
-70191624
28408874
67069269
61639022
-78867211
30745084
-74817047
34764820
-6445113
-60741337
37939205
933336
-34110854
78264763
88204667
-86200912
66368958
60816025
53231037
-72747637
-59501927
36295282
68893526
-69952719
62436347
4546102
83618829
38443547
2689155
35038618
-20203948
4236810
95078063
99630906
66858251
49889884
44863261
915274
59739353
17015270
8330373
-56072792
-85030225
-11462415
52317158
-44889930
-97635127
-41539964
-26200081
74400985
-29892235
39323214
-77248120
-58925706
-44557435
84545230
-13449753
-52623810
-94204802
-82633618
79747723
-3212023
-78357149
-59991261
40399931
-45404964
84578213
80846309
-43713426
-86449575
45900086
26789195
-92454226
-40085907
64705701
48373927
26543505
-91582752
68199484
-60530895
-59698386
-73172728
54144761
-18568227
-56554109
-46099776
33772766
68827394
48257059
-87406586
-82945560
86243865
-5226629
71522692
-51854753
-89708869
-15437255
-72708088
69371788
18379044
61182054
-18567303
79867692
42887533
-2423468
77277328
25540564
-44799913
56270104
28619660
-55632932
-22962911
-68805261
-29144560
24490575
96924483
37304696
-45707489
-19898660
-84000284
85303511
-68355600
-22695946
-11384998
-36729791
-72934349
56646601
-72391387
-10794057
-43524261
20280778
19248173
-17192439
40436935
64276028
-17226965
98197158
50580951
2980439
59873281
-66088050
-26625576
-39701450
6221522
-43823901
20707981
18370652
-12823557
21918882
3128257
-10552619
19956572
84535529
91263844
-30529630
-37000127
91180304
78146079
7427559
-71543978
-16581550
42613961
-54453352
6296507
11590582
-56414837
-25523196
61755026
-69917981
-91149627
83144247
6204464
67883692
-49526049
-54595022
-73089374
98478459
58876584
67285347
47231907
-59478504
49807185
75230039
-37696494
61271709
-54766568
-41320803
56651467
-88083898
64852643
93940884
-82776336
65687988
-22991050
5755413
-49602603
47999648
52882647
-57807815
-42579535
85923262
29304592
-79047690
38320684
40259998
-15679151
-25438122
2156202
90465997
-83643517
35103349
-73656009
-17929724
27940388
23510490
-24997500
-97315546
24686826
80687424
-19565842
33043045
35179856
4260605
-66174857
89873647
-34985868
96193618
-20330003
-42329983
9578338
-57257552
75850797
-10545308
-23133532
-88119524
-54222412
47264888
-25052381
82869220
81566468
-82785622
68752635
-41180792
-18523909
-35904907
89515998
49171631
-31931430
41784126
-53458692
-79764011
26522279
-31176336
62711614
-59240382
26243194
7842138
92456828
98517798
93433207
88891289
74368496
-16104034
-53726572
65599724
51577349
45948026
26903885
81203358
-5099372
-88873499
60703994
1288919
81486255
-73964899
-41959213
-64281100
55549946
-5688872
-73308509
-57577022
-96796323
17603980
43750231
94527724
-67897458
-69458164
-39963691
-88366570
-23003512
64478842
96518581
77713365
-60491341
-64490605
-57963824
57706249
-98326025
-27292717
-30198742
91472621
43109932
13029220
-57982110
-63170514
91138982
-65706877
50600508
-15168486
1366313
84871157
14709753
63586767
-56140398
-94851288
67050435
-82087282
41931513
-53893977
95894020
-789859
10187356
11623551
38859777
19013842
-48736919
64099691
-45719475
98273175
48483608
-7819498
30300671
-9818454
-73395154
6286019
-21147777
-93453987
-25027167
-30749250
90324005
-59110131
-74327211
56076209
-14168728
79398741
-44515374
-4645482
-23935427
54724650
87827846
-36516374
-10672541
-96273572
-87690483
-68036825
82747096
71475382
40531122
4434761
34017187
79651669
-73707447
-21616663
-87522829
9314660
-57298611
-18383515
-85152500
14641737
-37128292
47564000
14041109
-11745377
-31235853
-16821224
-42669385
-11286933
88923689
-10149891
81296971
78392401
-46115964
75633732
-55263269
-41756553
-67712033
70324882
76907822
-29345201
-25036910
79365647
-44562082
-84095746
-79496773
-24870882
62738349
36219968
-32673856
-8495217
8607316
-47271239
-91547080
62433865
-71945847
-43737690
-73934266
-86200465
-48136599
-28935147
-89185977
-74691991
75253111
17186902
-75197976
-49916650
-99082582
74445711
-43283298
61670887
-594861
-57460895
-83343407
-99310095
-6048469
-89314692
-37389651
5230109
64285631
76927428
45235797
83337928
-82472655
-39851288
-64181047
-43205048
20405830
-15066175
8378347
26079179
76589628
-23701856
-44326212
92629327
-87594648
-16772173
11728612
-73945207
-13896782
22094359
-81647219
-43665344
69160723
-69958948
27235574
43392539
51578563
